45	0	2442	1	30	0	334000	1.1	139	1	0	129	1
90	1	47	0	40	1	204000	2.1	132	1	1	8	1
57	1	129	0	30	0	395000	1	140	0	0	42	1
72	1	328	0	30	1	621000	1.7	138	0	1	88	1
60	1	76	1	25	0	196000	2.5	132	0	0	77	1
45	0	582	0	35	0	385000	1	145	1	0	61	1
55	0	2017	0	25	0	314000	1.1	138	1	0	214	1
68	1	577	0	25	1	166000	1	138	1	0	43	1
85	0	129	0	60	0	306000	1.2	132	1	1	90	1
65	1	335	0	35	1	235000	0.8	136	0	0	120	0
50	0	1846	1	35	0	263358.03	1.18	137	1	1	119	0
65	1	52	0	25	1	276000	1.3	137	0	0	16	0
45	0	582	1	55	0	543000	1	132	0	0	250	0
68	1	157	1	60	0	208000	1	140	0	0	237	0
66	1	72	0	40	1	242000	1.2	134	1	0	121	0
60	0	59	0	25	1	212000	3.5	136	1	1	187	0
42	0	5209	0	30	0	226000	1	140	1	1	87	0
73	0	582	0	35	1	203000	1.3	134	1	0	195	0
57	1	115	0	25	1	181000	1.1	144	1	0	79	0
60	0	253	0	35	0	279000	1.7	140	1	0	250	0
61	0	582	1	38	0	147000	1.2	141	1	0	237	0
65	1	113	1	60	1	203000	0.9	140	0	0	94	0
55	0	1820	0	38	0	270000	1.2	139	0	0	271	0
68	1	1021	1	35	0	271000	1.1	134	1	0	197	0
55	1	170	1	40	0	336000	1.2	135	1	0	250	0
77	1	109	0	50	1	406000	1.1	137	1	0	209	0
58	1	400	0	40	0	164000	1	139	0	0	91	0
52	1	58	0	35	0	277000	1.4	136	0	0	120	0
53	0	207	1	40	0	223000	1.2	130	0	0	214	0
