45	1	981	0	30	0	136000	1.1	137	1	0	11	1
59	1	280	1	25	1	302000	1	141	0	0	78	1
53	1	91	0	20	1	418000	1.4	139	0	0	43	1
50	0	582	0	50	0	153000	0.6	134	0	0	172	1
48	1	131	1	30	1	244000	1.6	130	0	0	193	1
60	1	47	0	20	0	204000	0.7	139	1	1	73	1
80	1	553	0	20	1	140000	4.4	133	1	0	41	1
70	1	143	0	60	0	351000	1.3	137	0	0	90	1
58	1	145	0	25	0	219000	1.2	137	1	1	170	1
42	1	250	1	15	0	213000	1.3	136	0	0	65	1
50	0	250	0	25	0	262000	1	136	1	1	120	0
40	0	90	0	35	0	255000	1.1	136	1	1	212	0
65	0	892	1	35	0	263358.03	1.1	142	0	0	256	0
55	0	60	0	35	0	228000	1.2	135	1	1	90	0
78	0	224	0	50	0	481000	1.4	138	1	1	192	0
70	0	618	0	35	0	327000	1.1	142	0	0	245	0
60	0	2656	1	30	0	305000	2.3	137	1	0	30	0
62	1	655	0	40	0	283000	0.7	133	0	0	233	0
40	0	624	0	35	0	301000	1	142	1	1	214	0
46	0	719	0	40	1	263358.03	1.18	137	0	0	107	0
45	1	66	1	25	0	233000	0.8	135	1	0	230	0
44	0	84	1	40	1	235000	0.7	139	1	0	79	0
70	0	81	1	35	1	533000	1.3	139	0	0	212	0
75	0	582	0	45	1	263358.03	1.18	137	1	0	87	0
51	0	582	1	40	0	221000	0.9	134	0	0	244	0
60	0	320	0	35	0	133000	1.4	139	1	0	258	0
70	0	69	0	40	0	293000	1.7	136	0	0	75	0
53	1	446	0	60	1	263358.03	1	139	1	0	215	0
45	0	582	0	80	0	263358.03	1.18	137	0	0	63	0
85	0	212	0	38	0	186000	0.9	136	1	0	187	0
