50	1	2334	1	35	0	75000	0.9	142	0	0	126	1
86	0	582	0	38	0	263358.03	1.83	134	0	0	95	1
95	1	371	0	30	0	461000	2	132	1	0	50	1
72	0	364	1	20	1	254000	1.3	136	1	1	59	1
80	0	805	0	38	0	263358.03	1.1	134	1	0	109	1
46	0	168	1	17	1	271000	2.1	124	0	0	100	1
69	0	582	0	20	0	266000	1.2	134	1	1	73	1
70	0	571	1	45	1	185000	1.2	139	1	1	33	1
49	0	789	0	20	1	319000	1.1	136	1	1	55	1
50	0	2522	0	30	1	404000	0.5	139	0	0	214	0
66	1	68	1	38	1	162000	1	136	0	0	95	0
45	1	130	0	35	0	174000	0.8	139	1	1	121	0
70	0	2695	1	40	0	241000	1	137	1	0	247	0
79	1	55	0	50	1	172000	1.8	133	1	0	78	0
60	0	2261	0	35	1	228000	0.9	136	1	0	115	0
72	0	127	1	50	1	218000	1	134	1	0	33	0
70	0	212	1	17	1	389000	1	136	1	1	188	0
50	0	482	1	30	0	329000	0.9	132	0	0	109	0
40	1	101	0	40	0	226000	0.8	141	0	0	187	0
41	0	148	0	40	0	374000	0.8	140	1	1	68	0
65	0	582	1	30	0	249000	1.3	136	1	1	212	0
80	0	898	0	25	0	149000	1.1	144	1	1	87	0
53	1	270	1	35	0	227000	3.4	145	1	0	105	0
65	1	135	0	35	1	290000	0.8	134	1	0	194	0
42	0	102	1	40	0	237000	1.2	140	1	0	74	0
55	0	47	0	35	1	173000	1.1	137	1	0	79	0
64	0	143	0	25	0	246000	2.4	135	1	0	214	0
55	0	66	0	40	0	203000	1	138	1	0	233	0
45	0	582	1	38	0	302000	0.9	140	0	0	244	0
