82	0	70	1	30	0	200000	1.2	132	1	1	26	1
50	0	582	1	38	0	310000	1.9	135	1	1	35	1
48	1	582	1	55	0	87000	1.9	121	0	0	15	1
82	1	855	1	50	1	321000	1	145	0	0	30	1
60	1	260	1	38	0	255000	2.2	132	0	1	45	1
65	0	94	1	50	1	188000	1	140	1	0	29	1
55	0	1199	0	20	0	263358.03	1.83	134	1	1	241	1
65	0	146	0	20	0	162000	1.3	129	1	1	7	1
50	1	168	0	38	1	276000	1.1	137	1	0	11	1
60	0	582	0	40	0	217000	3.7	134	1	0	96	1
51	1	582	1	35	0	263358.03	1.5	136	1	1	145	0
45	0	582	0	38	1	422000	0.8	137	0	0	245	0
49	1	80	0	30	1	427000	1	138	0	0	12	0
70	0	835	0	35	1	305000	0.8	133	0	0	145	0
50	0	369	1	25	0	252000	1.6	136	1	0	90	0
50	1	167	1	45	0	362000	1	136	0	0	187	0
50	0	245	0	45	1	274000	1	133	1	0	215	0
54	0	582	1	38	0	264000	1.8	134	1	0	213	0
60	1	1082	1	45	0	250000	6.1	131	1	0	107	0
75	1	203	1	38	1	283000	0.6	131	1	1	74	0
63	1	61	1	40	0	221000	1.1	140	0	0	86	0
44	0	582	1	30	1	263358.03	1.6	130	1	1	244	0
70	0	1202	0	50	1	358000	0.9	141	0	0	196	0
50	1	159	1	30	0	302000	1.2	138	0	0	29	0
47	0	582	0	25	0	130000	0.8	134	1	0	201	0
50	0	1548	0	30	1	211000	0.8	138	1	0	108	0
40	0	478	1	30	0	303000	0.9	136	1	0	148	0
40	1	129	0	35	0	255000	0.9	137	1	0	209	0
55	1	180	0	45	0	263358.03	1.18	137	1	1	211	0
55	0	835	0	40	0	279000	0.7	140	1	1	147	0
70	1	59	0	60	0	255000	1.1	136	0	0	85	0
