75	0	99	0	38	1	224000	2.5	134	1	0	162	1
45	0	582	0	20	1	126000	1.6	135	1	0	180	1
85	0	5882	0	35	0	243000	1	132	1	1	72	1
60	1	154	0	25	0	210000	1.7	135	1	0	82	1
90	1	60	1	50	0	226000	1	134	1	0	30	1
60	1	588	1	60	0	194000	1.1	142	0	0	33	1
62	0	231	0	25	1	253000	0.9	140	1	1	10	1
75	0	582	1	30	1	263358.03	1.83	134	0	0	23	1
80	0	148	1	38	0	149000	1.9	144	1	1	23	1
60	1	315	1	60	0	454000	1.1	131	1	1	10	1
45	0	615	1	55	0	222000	0.8	141	0	0	257	0
65	1	68	1	60	1	304000	0.8	140	1	0	79	0
65	0	56	0	25	0	237000	5	130	0	0	207	0
60	1	95	0	60	0	337000	1	138	1	1	146	0
60	1	257	1	30	0	150000	1	137	1	1	245	0
58	0	132	1	38	1	253000	1	139	1	0	230	0
80	0	582	1	35	0	350000	2.1	134	1	0	174	0
52	1	191	1	30	1	334000	1	142	1	1	216	0
60	0	1211	1	35	0	263358.03	1.8	113	1	1	186	0
65	0	1688	0	38	0	263358.03	1.1	138	1	1	250	0
45	0	292	1	35	0	850000	1.3	142	1	1	88	0
55	0	748	0	45	0	263000	1.3	137	1	0	88	0
50	1	298	0	35	0	362000	0.9	140	1	1	240	0
70	0	66	1	45	0	249000	0.8	136	1	1	80	0
50	1	115	0	20	0	189000	0.8	139	1	0	146	0
67	0	213	0	38	0	215000	1.2	133	0	0	245	0
62	0	281	1	35	0	221000	1	136	0	0	108	0
50	1	54	0	40	0	279000	0.8	141	1	0	250	0
43	1	358	0	50	0	237000	1.3	135	0	0	97	0
58	0	582	1	25	0	504000	1	138	1	0	205	0
