65	0	157	0	65	0	263358.03	1.5	138	0	0	10	1
69	0	582	1	35	0	228000	3.5	134	1	0	30	1
80	1	123	0	35	1	388000	9.4	133	1	1	10	1
73	0	582	0	20	0	263358.03	1.83	134	1	0	198	1
70	0	161	0	25	0	244000	1.2	142	0	0	66	1
45	0	7702	1	25	1	390000	1	139	1	0	60	1
60	0	235	1	38	0	329000	3	142	0	0	30	1
70	0	582	0	20	1	263358.03	1.83	134	1	1	31	1
82	1	379	0	50	0	47000	1.3	136	1	0	13	1
65	1	720	1	40	0	257000	1	136	0	0	210	0
67	0	582	0	50	0	263358.03	1.18	137	1	1	76	0
45	0	2060	1	60	0	742000	0.8	138	0	0	278	0
58	1	200	1	60	0	300000	0.8	137	0	0	104	0
40	0	244	0	45	1	275000	0.9	140	0	0	174	0
53	1	582	0	45	0	305000	1.1	137	1	1	209	0
61	1	84	0	40	1	229000	0.9	141	0	0	110	0
53	0	63	1	60	0	368000	0.8	135	1	0	22	0
70	1	75	0	35	0	223000	2.7	138	1	1	54	0
75	0	675	1	60	0	265000	1.4	125	0	0	205	0
63	1	103	1	35	0	179000	0.9	136	1	1	270	0
52	0	3966	0	40	0	325000	0.9	140	1	1	146	0
45	1	1876	1	35	0	226000	0.9	138	1	0	88	0
53	1	1808	0	60	1	249000	0.7	138	1	1	106	0
58	0	144	1	38	1	327000	0.7	142	0	0	83	0
70	0	97	0	60	1	220000	0.9	138	1	0	186	0
70	0	93	0	35	0	185000	1.1	134	1	1	208	0
65	1	59	1	60	0	172000	0.9	137	0	0	107	0
56	1	135	1	38	0	133000	1.7	140	1	0	244	0
72	0	211	0	25	0	274000	1.2	134	0	0	207	0
