80	0	776	1	38	1	192000	1.3	135	0	0	130	1
58	1	60	0	38	0	153000	5.8	134	1	0	26	1
75	1	81	0	38	1	368000	4	131	1	1	10	1
72	0	233	0	45	1	235000	2.5	135	0	0	115	1
68	1	220	0	35	1	289000	0.9	140	1	1	20	1
70	0	122	1	45	1	284000	1.3	136	1	1	26	1
85	0	23	0	45	0	360000	3	132	1	0	28	1
50	0	124	1	30	1	153000	1.2	136	0	1	32	1
50	1	249	1	35	1	319000	1	128	0	0	28	1
59	1	176	1	25	0	221000	1	136	1	1	150	1
42	0	64	0	30	0	215000	3.8	128	1	1	250	0
81	0	4540	0	35	0	231000	1.18	137	1	1	107	0
50	0	185	0	30	0	266000	0.7	141	1	1	112	0
49	0	972	1	35	1	268000	0.8	130	0	0	187	0
60	1	607	0	40	0	216000	0.6	138	1	1	54	0
45	0	308	1	60	1	377000	1	136	1	0	186	0
58	1	57	0	25	0	189000	1.3	132	1	1	205	0
45	0	2413	0	38	0	140000	1.4	140	1	1	280	0
60.667	1	151	1	40	1	201000	1	136	0	0	172	0
65	1	305	0	25	0	298000	1.1	141	1	0	87	0
46	1	291	0	35	0	348000	0.9	140	0	0	109	0
65	0	224	1	50	0	149000	1.3	137	1	1	72	0
55	1	2794	0	35	1	141000	1	140	1	0	206	0
42	1	86	0	35	0	365000	1.1	139	1	1	201	0
73	1	231	1	30	0	160000	1.18	142	1	1	180	0
53	0	196	0	60	0	220000	0.7	133	1	1	134	0
55	0	109	0	35	0	254000	1.1	139	1	1	60	0
63	0	936	0	38	0	304000	1.1	133	1	1	88	0
45	0	582	1	38	1	263358.03	1.18	137	0	0	185	0
58	1	133	0	60	1	219000	1	141	1	0	83	0
