70	1	125	0	25	1	237000	1	140	0	0	15	1
60	0	68	0	20	0	119000	2.9	127	1	1	64	1
65	1	258	1	25	0	198000	1.4	129	1	0	235	1
54	1	427	0	70	1	151000	9	137	0	0	196	1
65	0	113	1	25	0	497000	1.83	135	1	0	67	1
70	1	69	1	50	1	351000	1	134	0	0	44	1
75	0	582	0	20	1	265000	1.9	130	1	0	4	1
45	0	582	0	14	0	166000	0.8	127	1	0	14	1
95	1	112	0	40	1	196000	1	138	0	0	24	1
60	0	582	1	38	1	451000	0.6	138	1	1	40	1
63	1	1767	0	45	0	73000	0.7	137	1	0	186	0
65	0	118	0	50	0	194000	1.1	145	1	1	200	0
63	1	582	0	40	0	448000	0.9	137	1	1	123	0
70	0	582	1	38	0	25100	1.1	140	1	0	246	0
63	0	193	0	60	1	295000	1.3	145	1	1	107	0
75	0	119	0	50	1	248000	1.1	148	1	0	209	0
61	1	80	1	38	0	282000	1.4	137	1	0	213	0
75	0	582	0	40	0	263358.03	1.18	137	1	0	107	0
53	1	707	0	38	0	330000	1.4	137	1	1	209	0
70	0	232	0	30	0	173000	1.2	132	1	0	210	0
78	1	64	0	40	0	277000	0.7	137	1	1	187	0
49	1	69	0	50	0	132000	1	140	0	0	147	0
63	1	122	1	60	0	267000	1.2	145	1	0	147	0
68	1	646	0	25	0	305000	2.1	130	1	0	108	0
70	0	582	0	40	0	51000	2.7	136	1	1	250	0
50	1	121	1	40	0	260000	0.7	130	1	0	175	0
62	0	61	1	38	1	155000	1.1	143	1	1	270	0
85	1	102	0	60	0	507000	3.2	138	0	0	94	0
50	1	582	1	20	1	279000	1	134	0	0	186	0
42	0	582	0	60	0	263358.03	1.18	137	0	0	82	0
50	0	196	0	45	0	395000	1.6	136	1	1	285	0
