60	0	1896	1	25	0	365000	2.1	144	0	0	172	1
72	1	943	0	25	1	338000	1.7	139	1	1	111	1
65	1	160	1	20	0	327000	2.7	116	0	0	8	1
65	0	395	1	25	0	265000	1.2	136	1	1	154	1
94	0	582	1	38	1	263358.03	1.83	134	1	0	27	1
60.667	1	104	1	30	0	389000	1.5	136	1	0	171	1
77	1	418	0	45	0	223000	1.8	145	1	0	180	1
50	0	318	0	40	1	216000	2.3	131	0	0	60	1
51	0	1380	0	25	1	271000	0.9	130	1	0	38	1
65	0	326	0	38	0	294000	1.7	139	0	0	220	0
55	0	572	1	35	0	231000	0.8	143	0	0	215	0
60	0	53	0	50	1	286000	2.3	143	0	0	87	0
55	0	582	1	35	1	371000	0.7	140	0	0	197	0
50	1	1051	1	30	0	232000	0.7	136	0	0	246	0
42	0	64	0	40	0	189000	0.7	140	1	0	245	0
60	1	96	1	60	1	271000	0.7	136	0	0	94	0
52	0	132	0	30	0	218000	0.7	136	1	1	112	0
51	0	78	0	50	0	406000	0.7	140	1	0	79	0
55	0	84	1	38	0	451000	1.3	136	0	0	246	0
60	0	897	1	45	0	297000	1	133	1	0	80	0
64	0	1610	0	60	0	242000	1	137	1	0	113	0
53	0	56	0	50	0	308000	0.7	135	1	1	231	0
50	0	115	0	45	1	184000	0.9	134	1	1	118	0
65	0	198	1	35	1	281000	0.9	137	1	1	146	0
65	0	582	1	40	0	270000	1	138	0	0	140	0
40	0	582	1	35	0	222000	1	132	1	0	244	0
85	1	910	0	50	0	235000	1.3	134	1	0	121	0
62	0	30	1	60	1	244000	0.9	139	1	0	117	0
61	0	248	0	30	1	267000	0.7	136	1	1	104	0
