50	1	111	0	20	0	210000	1.9	137	1	0	7	1
75	1	246	0	15	0	127000	1.2	137	1	0	10	1
60	0	166	0	30	0	62000	1.7	127	0	0	207	1
65	1	128	1	30	1	297000	1.6	136	0	0	20	1
72	1	110	0	25	0	274000	1	140	1	1	65	1
60	0	3964	1	62	0	263358.03	6.8	146	0	0	43	1
87	1	149	0	38	0	262000	0.9	140	1	0	14	1
55	0	7861	0	38	0	263358.03	1.1	136	1	0	6	1
59	0	66	1	20	0	70000	2.4	134	1	0	135	1
75	1	582	0	30	0	225000	1.83	134	1	0	113	1
70	0	92	0	60	1	317000	0.8	140	0	1	74	0
60	1	231	1	25	0	194000	1.7	140	1	0	120	0
90	1	337	0	38	0	390000	0.9	144	0	0	256	0
60	1	737	0	60	1	210000	1.5	135	1	1	95	0
60	1	2281	1	40	0	283000	1	141	0	0	187	0
69	0	1419	0	40	0	105000	1	135	1	1	147	0
59	1	129	0	45	1	362000	1.1	139	1	1	121	0
70	1	171	0	60	1	176000	1.1	145	1	1	146	0
52	0	190	1	38	0	382000	1	140	1	1	258	0
60	0	96	1	38	0	228000	0.75	140	0	0	95	0
70	0	88	1	35	1	236000	1.2	132	0	0	215	0
60	1	156	1	25	1	318000	1.2	137	0	0	85	0
60	1	582	0	30	1	127000	0.9	145	0	0	95	0
63	1	514	1	25	1	254000	1.3	134	1	0	83	0
73	1	1185	0	40	1	220000	0.9	141	0	0	213	0
58	0	582	1	35	0	122000	0.9	139	1	1	71	0
60	1	754	1	40	1	328000	1.2	126	1	0	91	0
64	1	62	0	60	0	309000	1.5	135	0	0	174	0
55	0	336	0	45	1	324000	0.9	140	0	0	74	0
65	0	167	0	30	0	259000	0.8	138	0	0	186	0
50	0	582	0	62	1	147000	0.8	140	1	1	192	0
